1
19.48 
Time Speed: 0

2
-84.66 -70.74 
Time Speed: 0

4
-75.42 63.48 78.2 84.86 
Time Speed: 0

8
-64.22 -30.06 -19.54 -16.44 15.12 54.6 78.56 86.72 
Time Speed: 0

10
-68.3 -64.06 -51.02 8.52 36.52 40.06 45.96 61.74 75.9 76.58 
Time Speed: 0

25
-93.48 -70.14 -64 -59.3 -56.46 -56.28 -48.7 -48.18 -42.3 -24.74 -17.58 -17.24 -13.56 -12.98 -2.96 5.56 16.46 22.24 31.82 32.8 34.82 73.9 87.62 90.6 97.88 
Time Speed: 0

36
-92.84 -84.14 -83.44 -81.14 -75.58 -73.96 -55.82 -49.3 -45.9 -40.14 -26.6 -17.12 -5.78 -1.08 -0.5 1.62 1.96 5.58 10.88 13.8 20.06 29.96 42.34 60.16 61.32 62.56 64.54 71.34 71.5 72.76 79.94 85.96 92.48 96.16 96.38 96.8 
Time Speed: 0

80
-99.26 -93.82 -92.94 -91.16 -90.42 -88.3 -87.62 -86.58 -84.66 -81.38 -75.36 -74.1 -71.66 -70.6 -69.1 -67.76 -60.26 -56.54 -54.8 -52.34 -49.58 -46.74 -41.26 -40.72 -38.74 -36.48 -35.18 -33.06 -31.88 -31.1 -30.76 -29.02 -28.66 -26.34 -25.7 -25 -24.72 -24.54 -22.68 -21.14 -20.18 -16.9 -15.82 -11.48 -8.98 -3.44 -2.4 -2.1 -2.06 -0.22 4.48 4.68 5.42 7.66 11.96 17.1 20.66 27.96 39.48 42.4 45.18 46.82 48.96 58.34 59.26 60.68 61.14 61.28 63.32 64.84 65.2 71.56 72.98 73.92 75.5 84.34 86.56 88.78 90.92 94.68 
Time Speed: 0

100
-99.72 -95.92 -94.58 -90.98 -90.6 -89.66 -88.26 -86.04 -83.2 -80.02 -79.72 -79.24 -73.84 -72.24 -71.02 -69.18 -68.74 -52.36 -52.18 -50.28 -49.38 -48.82 -47.52 -44.14 -43.92 -43.7 -43.62 -37.76 -37.04 -36.34 -36.14 -35.7 -31.88 -30.44 -27.16 -25.12 -21.66 -17.86 -11.24 -8.64 -7.72 -6.96 -5.1 -1.8 -1.66 -1.08 -0.72 0.48 3.1 7.58 7.92 8.08 15.2 15.38 16.68 17.46 21.42 22.22 23.86 23.88 28.16 30.82 32.28 32.5 33.2 33.22 37.66 46.62 47.1 48.3 51 51.1 52.42 55.14 55.54 60.54 64.8 64.92 68.14 71.82 72.02 74.98 75.18 75.42 76.76 78.26 78.38 79.06 80.42 82.92 83.42 84.48 85.52 90.26 92 94.58 96.04 96.72 98.68 99.42 
Time Speed: 0

200
-99.86 -99.6 -99.6 -99.1 -97.98 -97.6 -96.96 -96.8 -95.48 -95.4 -93.14 -92.74 -91.76 -91.44 -90.94 -89.56 -88.88 -88.46 -87.08 -86.54 -85.14 -82.8 -82.6 -81.92 -80.54 -79.76 -77.04 -76.08 -75.24 -75.1 -74.3 -72.96 -68.8 -66.82 -66.34 -65.5 -65.08 -65.04 -64.1 -62.6 -62.58 -61.42 -59.36 -57.86 -57.84 -57.8 -57.72 -57.4 -57.22 -56.4 -51.06 -50.88 -49.46 -48.96 -47.6 -46.06 -43.02 -41.94 -40.84 -40.76 -39.96 -37.88 -37.42 -36.36 -35.08 -33.54 -32.4 -32.24 -29.52 -28.12 -28.02 -27.22 -26.52 -26.1 -22.82 -20.84 -19.88 -19.76 -19.46 -18.02 -16.14 -15.28 -14.8 -14.7 -12.78 -12.04 -11.66 -11.52 -11.02 -10.16 -10.02 -8.96 -7.76 -6.8 -6.78 -6.64 -5.74 -3.9 -3.26 -3.14 -3.08 -1.34 -0.06 0.04 2.22 3 3.9 5.32 6.62 6.9 7.3 7.94 8.2 8.66 8.66 9.78 11.92 13.64 14.4 15.5 17.24 19.32 19.5 20.12 21.32 22.92 24.96 25.22 25.54 25.7 26.36 26.8 28.02 28.32 29.98 30.22 32.88 33.04 34.2 36 38.24 39.22 39.7 40.82 41.48 42.46 46.62 46.7 47 48.02 49.22 50.78 51.72 53.14 53.96 54.18 54.26 54.76 55.34 55.92 56.24 57.12 58 59.44 59.98 60.34 60.5 62.18 62.54 62.54 62.7 63.6 63.7 65.64 66.94 67.42 68.72 68.88 68.94 70.38 73.82 74.32 74.34 74.9 76 78.32 81.84 82.1 82.78 84.2 87.28 87.5 90.74 91.3 93.22 93.26 93.34 93.7 95.6 96.16 
Time Speed: 0

500
-99.48 -99.38 -98.74 -98.48 -98.18 -97.92 -96.98 -96.68 -96.44 -95.3 -95.2 -94.92 -94.36 -94.04 -93.22 -93.1 -92.8 -92 -91.26 -91.16 -91 -90.66 -90.54 -90.26 -90.2 -90.02 -89.78 -88.62 -88.38 -88.22 -88.2 -87.42 -87.28 -86.94 -86.94 -86.54 -86.38 -86.28 -86 -83.04 -82.34 -82.32 -82.14 -81.88 -81.84 -81.62 -81.26 -81.04 -80.44 -80.34 -80.22 -79.18 -78.82 -78.76 -78.24 -77.66 -76.26 -76.2 -75.54 -75.5 -75.46 -75.18 -74.68 -74.58 -73.8 -73.28 -72.08 -71.96 -71.68 -71.56 -71.36 -71.28 -70.7 -70.42 -70.14 -69.8 -69.02 -68.46 -68.24 -67.76 -67.5 -67.26 -65.7 -65.66 -64.84 -64.54 -64.48 -64.34 -63.9 -63.76 -63.34 -63.16 -61.88 -61.84 -61.18 -61.14 -60.48 -60.34 -59.86 -59.16 -59.06 -58.2 -57.54 -57.44 -57.12 -56.86 -56.4 -56.24 -56.14 -55.66 -55.38 -55.26 -54.68 -53.9 -53.78 -53.18 -53.02 -52.98 -52.86 -52.54 -52.3 -51.96 -51.2 -51.16 -50.64 -49.98 -49.44 -49.38 -49.12 -48.94 -48.82 -48.3 -48 -47.44 -47.2 -46.9 -46.78 -46.74 -46.66 -45.7 -44.78 -44.72 -44.54 -44.02 -44.02 -43.82 -43.68 -42.94 -42.88 -42.38 -42.32 -42.16 -41.92 -41.46 -41.4 -41.04 -40.92 -40.76 -40.52 -40.48 -40.04 -39.9 -38.94 -38.72 -38.68 -38.66 -37.24 -37.18 -36.8 -36.6 -36.46 -36.38 -35.58 -35.26 -34.88 -34.84 -34.44 -34.26 -34.22 -34.1 -33.72 -33.64 -33.08 -32.88 -32.84 -32 -31.6 -31.14 -30.88 -30.68 -30.36 -30.2 -29.8 -29.4 -29.24 -29.02 -28.84 -28.72 -28.7 -28.42 -28.42 -28.34 -28.2 -27.74 -25.66 -25.58 -25.22 -24.98 -23.74 -22.92 -22.48 -22.28 -21.4 -21.24 -20.98 -19.98 -19.94 -19.56 -19.42 -17.84 -16.42 -16.38 -15.68 -15.56 -14.72 -14.26 -13.98 -13.34 -13.1 -12.56 -12.42 -11.74 -11.18 -11.12 -10.56 -10.28 -9.22 -8.52 -8.34 -7.84 -7.72 -6.66 -6.52 -6.22 -6.14 -5.76 -5.3 -4.54 -4.3 -4.06 -3.22 -2.98 -2.88 -2.5 -2.12 -2 -1.54 -1.32 0.08 1.18 1.3 1.52 2 2.02 2.1 2.32 2.36 2.46 2.84 3.28 3.5 3.76 4.2 4.48 4.92 4.94 5.32 5.38 6.18 8.16 8.24 8.36 8.54 8.68 9.04 10.88 11.3 11.9 12.7 12.8 12.92 13.38 13.5 14.96 15.86 16.36 16.38 16.38 17.16 17.38 17.52 17.56 17.72 17.84 18.68 19.74 19.86 20.34 21.14 21.16 21.16 21.24 21.48 23.58 24.18 24.28 24.74 24.96 25.4 25.56 26.26 26.64 26.78 27.14 28.32 28.96 29.54 29.6 29.86 30.24 31.54 31.78 31.96 32.84 34.32 34.32 34.94 35.38 35.6 36.8 37.34 38.12 38.62 39.06 39.2 39.32 39.72 40.92 40.94 41.12 41.32 41.66 41.88 42.28 42.74 42.88 43.36 44.12 44.68 44.94 45.54 46.38 46.52 46.68 47.52 47.84 48.06 48.48 48.64 48.74 48.74 48.76 48.76 48.84 49.3 49.96 50.22 50.44 50.76 50.92 51.02 51.02 51.56 51.98 52.44 52.94 52.94 53.2 53.58 54.68 54.88 55.06 55.58 55.66 55.8 56.4 56.74 57.9 59.08 59.14 59.74 61.28 61.5 61.82 61.84 62.02 62.42 62.48 62.68 62.74 62.88 63.84 64.28 64.64 64.82 64.92 66.38 67.3 67.48 67.96 68.22 68.74 68.78 68.82 68.92 69.26 69.46 69.96 70.12 70.52 71.12 71.36 71.68 71.68 71.8 71.9 72 72.06 72.62 72.68 73.28 74.58 75.1 75.34 75.64 75.76 76.28 76.4 76.4 76.46 76.88 76.98 77.36 77.58 78.54 78.94 79.02 79.36 79.66 79.92 81.14 81.2 81.68 82.24 83.92 84.32 84.42 84.64 85.42 86.32 86.7 86.86 86.98 87.38 87.48 87.58 87.74 88.08 88.3 89.6 90.16 90.36 91.44 91.62 92.64 92.94 92.98 93.46 94.02 94.62 95.28 95.6 96.24 96.5 97.24 97.56 97.92 99.04 99.3 99.6 
Time Speed: 0

800
-99.82 -99.62 -99.6 -99.08 -99.02 -98.66 -98.54 -98.42 -98.4 -98.28 -97.78 -97.5 -97.24 -97 -96.42 -96.3 -96 -95.98 -95.68 -95.4 -95.24 -94.54 -94.28 -94.28 -94.28 -94.1 -94.08 -93.84 -92.92 -92.86 -92.64 -92.64 -91.18 -91.08 -90.84 -90.28 -90.12 -90.06 -89.86 -89.76 -89.76 -89.72 -89.46 -88.66 -88.52 -88.22 -87.06 -87.04 -86.62 -86.52 -86.4 -86.16 -85.86 -85.7 -85.4 -85.02 -84.98 -84.9 -84.86 -84.38 -84.3 -83.46 -83.32 -83.26 -82.82 -82.78 -82.72 -82.64 -82.26 -81.76 -81.6 -81.58 -80.62 -80.5 -80.44 -80.08 -80.02 -79.96 -79.66 -79.32 -79.08 -78.7 -78.64 -77.88 -77.78 -77.08 -77.06 -76.88 -76.72 -75.62 -75.2 -75.04 -75.02 -74.88 -74.74 -74.72 -74.56 -74.16 -74.16 -74.06 -74.02 -73.78 -72.88 -72.78 -72.36 -72 -71.66 -70.74 -70.66 -70.52 -70.16 -69.36 -68.16 -67.84 -67.6 -67.54 -67.38 -67.32 -67.28 -67.14 -67 -66.6 -66.54 -65.96 -65.46 -65.44 -65.18 -65.14 -64.94 -64.86 -64.64 -64.64 -64.62 -63.98 -63.5 -63.4 -63.28 -63.28 -62.62 -62.26 -61.88 -61.88 -61.5 -61.44 -61.2 -61.1 -60.2 -60.14 -59.88 -59.52 -59.5 -59.46 -59.4 -59.28 -59.16 -58.62 -58.56 -58.46 -58.14 -58.04 -57.82 -57.5 -56.94 -56.38 -55.74 -55.58 -55.44 -54.6 -53.84 -53.78 -53.78 -53.76 -53.72 -53.68 -53.48 -53.44 -52.82 -52.44 -52.24 -52.1 -52.04 -51.98 -51.9 -51.86 -51.58 -51.36 -50.94 -50.94 -50.92 -50.86 -50.76 -50.56 -50.54 -50.16 -49.9 -49.82 -49.24 -49.16 -48.8 -48.74 -48.26 -48.08 -48.08 -48.04 -47.9 -47.54 -47.48 -47.42 -47.26 -47.16 -47.04 -46.88 -46.84 -46.14 -45.62 -45.62 -44.82 -44.62 -44.62 -44.5 -44.24 -44.2 -43.94 -43.32 -43.32 -42.98 -42.72 -42.22 -42.22 -42.06 -41.74 -41.38 -41.38 -41.18 -41.1 -40.8 -39.7 -39.7 -39.4 -39.3 -39.16 -39.02 -39.02 -38.64 -38.36 -38.16 -37.8 -37.36 -37.32 -37.32 -36.88 -36.82 -36.58 -36.3 -36.1 -35.86 -35.64 -35.54 -35.42 -35.08 -34.64 -34.44 -34.26 -33.86 -33.7 -33.36 -33 -32.9 -32.78 -32.72 -32.66 -32.54 -32.46 -32.38 -32.1 -32.02 -31.8 -31.64 -31.54 -30.74 -30.28 -30.2 -30.16 -30.08 -29.48 -28.68 -28.56 -28.24 -28.14 -28.1 -27.84 -27.44 -27.12 -26.88 -26.6 -26.18 -26.06 -25.72 -25.4 -25.32 -25.18 -24.94 -24.46 -24.44 -24.44 -24.4 -24.16 -23.92 -23.54 -22.58 -22.34 -22.34 -21.96 -21.66 -21.3 -20.82 -20.48 -20.36 -20.1 -19.76 -19.3 -18.72 -18.7 -18.6 -18.48 -18.42 -18.3 -18.08 -17.9 -17.82 -16.44 -16.2 -16.06 -15.72 -15.56 -15.5 -13.04 -12.88 -12.6 -12.44 -12.34 -12.24 -12.12 -11.62 -11.44 -11.4 -11.26 -11.04 -10.66 -10.44 -10.36 -10.16 -9.74 -9.16 -8.98 -8.94 -8.9 -8.9 -8.82 -8.62 -8.56 -8.48 -8.46 -8.24 -7.68 -7.44 -7.22 -7.12 -6.88 -6.86 -6.82 -6.66 -6.6 -6.58 -6.2 -5.46 -4.64 -4.62 -4.3 -4.18 -3.98 -3.58 -3.38 -3.36 -3.24 -2.9 -2.88 -2.84 -2.54 -2.08 -1.68 -1.64 -1.46 -1.28 -1.26 -1.2 -1.02 -0.6 -0.58 0.46 0.54 0.72 0.78 1.3 1.48 1.6 1.78 1.78 2.02 2.8 2.9 3.76 3.9 3.98 4.26 4.52 4.6 4.72 5.58 5.94 6.04 6.28 6.32 6.4 6.62 6.72 6.78 6.9 7.36 7.7 7.76 8.02 8.48 8.58 8.92 8.96 8.98 9.86 9.86 9.88 9.94 10.02 10.36 10.4 10.44 10.86 11.22 11.24 11.26 11.42 12.02 12.38 12.5 12.58 12.82 13.16 13.26 13.3 13.46 13.5 13.78 13.9 14.36 14.42 14.42 14.52 14.7 14.72 14.86 15.06 15.94 16.06 16.22 16.56 16.58 16.86 16.88 17.16 17.58 17.64 17.76 17.84 17.9 18.32 18.58 19.08 19.48 19.88 20.2 20.52 20.92 20.98 21.64 21.64 21.76 22.36 22.36 22.9 23.3 23.56 23.84 24.26 24.48 24.52 24.72 25.02 25.68 26.06 26.14 26.46 26.68 27.48 27.54 28.24 28.34 28.64 29.04 29.2 29.44 29.9 30.14 30.56 30.88 31.02 31.46 31.64 32.38 32.96 33.02 33.32 33.44 34.04 34.62 34.74 34.88 34.9 34.92 35 35.24 35.32 35.9 35.92 36.26 37.16 37.22 37.22 37.3 38 38.2 38.9 38.92 38.96 39.44 39.82 40.46 40.48 40.62 40.62 40.8 40.98 41.28 41.48 41.68 41.74 42.06 42.56 42.64 43.46 44.04 44.16 44.78 44.94 44.96 45.5 45.56 45.58 45.88 46.74 46.82 47.36 47.82 47.96 48.96 48.98 49.08 49.2 50.08 50.18 50.26 50.96 51.2 51.26 51.32 51.54 52.3 52.68 53.12 53.52 53.52 53.7 54.04 54.14 54.48 54.7 54.82 54.9 55.38 55.6 55.98 56.56 56.84 56.92 57.08 57.32 57.52 57.58 57.72 57.78 58 58.5 58.68 58.74 58.88 58.96 59.72 59.74 59.9 59.94 60.08 60.46 60.8 61.02 61.34 61.84 61.9 61.96 62 62 62.04 62.34 63.24 63.24 63.9 64.5 64.84 64.98 65.36 65.58 66.02 66.4 66.62 67 67.18 67.38 67.6 68.56 68.96 69.1 69.28 69.34 69.38 69.6 69.6 69.66 69.68 69.86 70.02 70.22 70.7 70.74 70.76 70.84 70.92 71.06 71.28 72.38 72.46 72.64 72.72 72.8 72.96 73.16 73.28 73.56 73.86 73.92 73.96 74.06 74.38 74.56 74.92 75.06 75.32 75.44 75.44 75.78 76.14 76.42 76.84 77.04 77.1 77.28 77.48 78.42 78.52 78.62 79.44 79.54 79.74 79.92 80.28 80.56 80.92 81.4 81.6 82.04 82.8 82.82 83.16 83.24 83.38 83.76 83.8 83.92 84.18 84.28 84.6 84.78 85.48 85.5 85.76 85.94 85.96 85.98 86.34 86.36 87.36 87.96 88.06 88.72 89.16 89.26 89.3 89.34 89.42 89.44 89.56 90.16 90.26 90.3 90.46 90.52 90.56 90.82 90.96 90.96 91.28 91.3 91.42 91.82 91.9 92.02 92.58 92.62 92.84 93 93.32 93.38 93.48 93.52 94.18 94.28 94.34 94.38 94.92 95.22 95.24 95.66 95.82 96.06 96.38 96.56 96.78 96.98 97.02 97.38 97.44 97.56 97.78 97.9 98.22 98.58 98.7 98.98 99.26 99.36 99.42 99.64 99.68 99.84 
Time Speed: 0

