1
19.48

2
-70.74 -84.66

4
63.48 -75.42 84.86 78.20

8
-64.22 -30.06 -19.54 86.72 -16.44 15.12 54.60 78.56

10
-51.02 40.06 75.90 8.52 76.58 36.52 61.74 -68.30 45.96 -64.06

25
-48.18 87.62 -56.46 -12.98 5.56 16.46 -93.48 34.82 31.82 -2.96 -13.56 -56.28 -24.74 22.24 -59.30 -17.24 -64.00 -48.70 97.88 90.60 -70.14 73.90 -42.30 32.80 -17.58

36
61.32 96.38 -55.82 20.06 42.34 -92.84 -1.08 29.96 -49.30 85.96 62.56 -5.78 92.48 -75.58 -73.96 -83.44 10.88 96.80 -81.14 60.16 64.54 1.62 96.16 -84.14 -0.50 13.80 72.76 -26.60 71.50 5.58 -17.12 -40.14 1.96 -45.90 79.94 71.34

80
-38.74 -21.14 -71.66 11.96 -35.18 90.92 -93.82 84.34 -84.66 59.26 27.96 -46.74 -16.90 46.82 -86.58 -52.34 75.50 -90.42 -36.48 -25.00 -49.58 63.32 -24.54 48.96 -31.10 58.34 -91.16 -2.10 39.48 88.78 -30.76 -99.26 94.68 -2.40 -60.26 86.56 -11.48 72.98 -2.06 -69.10 -40.72 -74.10 -15.82 42.40 -0.22 -75.36 17.10 -24.72 61.28 7.66 -22.68 -88.30 -29.02 -20.18 60.68 -33.06 65.20 -3.44 64.84 4.68 -87.62 61.14 5.42 -92.94 -41.26 45.18 20.66 -25.70 -54.80 -81.38 -67.76 4.48 71.56 -56.54 73.92 -28.66 -31.88 -8.98 -26.34 -70.60

100
98.68 51.00 68.14 96.72 -69.18 -44.14 -36.34 96.04 52.42 55.54 -72.24 64.80 16.68 33.20 -1.08 75.42 -94.58 46.62 76.76 -49.38 -7.72 -90.98 -17.86 -36.14 -47.52 -43.92 -37.76 -52.36 47.10 -37.04 -95.92 -27.16 -86.04 -0.72 -30.44 71.82 55.14 33.22 -5.10 7.58 -11.24 -50.28 99.42 32.50 82.92 -1.66 7.92 15.38 72.02 -88.26 -6.96 -35.70 -79.24 75.18 28.16 -99.72 -68.74 17.46 74.98 78.38 80.42 79.06 78.26 21.42 -21.66 -52.18 -79.72 60.54 8.08 15.20 -31.88 23.88 64.92 94.58 -43.62 -25.12 -80.02 -8.64 90.26 92.00 3.10 -89.66 -43.70 23.86 85.52 84.48 -48.82 -83.20 -71.02 -73.84 22.22 -90.60 32.28 0.48 30.82 37.66 48.30 51.10 -1.80 83.42

200
93.34 -6.64 7.30 -14.70 -12.04 63.70 -12.78 7.94 82.10 -95.48 -0.06 -14.80 -85.14 56.24 -90.94 -99.60 -32.24 87.28 -82.80 -3.26 -86.54 -33.54 -66.82 -27.22 66.94 -8.96 -89.56 -57.72 -57.84 8.66 -74.30 62.54 -97.98 -39.96 74.90 -10.02 50.78 -37.88 24.96 32.88 93.70 -75.10 -81.92 -91.44 8.20 54.18 36.00 3.00 41.48 -19.76 26.80 -18.02 46.70 59.98 54.76 13.64 -48.96 -7.76 55.92 -79.76 -99.10 8.66 82.78 29.98 68.72 -15.28 47.00 19.50 -26.10 -28.02 -47.60 -32.40 -76.08 -29.52 -96.80 -40.84 51.72 39.22 62.18 -6.80 -80.54 -11.02 2.22 -6.78 76.00 -43.02 -93.14 -72.96 49.22 -10.16 74.32 -22.82 25.54 57.12 34.20 -5.74 68.88 -91.76 40.82 -57.22 -92.74 93.22 -62.58 -68.80 90.74 -59.36 -82.60 42.46 6.90 6.62 62.70 26.36 95.60 -35.08 46.62 -1.34 -51.06 -19.46 25.70 25.22 70.38 0.04 -97.60 -77.04 84.20 -36.36 17.24 -19.88 -28.12 -41.94 22.92 -20.84 78.32 60.34 -62.60 -3.90 28.02 81.84 -61.42 -65.08 -11.52 28.32 -11.66 -88.88 93.26 -65.04 9.78 -57.80 15.50 62.54 67.42 -87.08 -37.42 -3.14 -64.10 73.82 60.50 53.14 -46.06 59.44 38.24 3.90 65.64 -56.40 91.30 -96.96 39.70 19.32 11.92 5.32 54.26 -99.60 -66.34 -57.40 -88.46 53.96 -95.40 21.32 96.16 20.12 -16.14 63.60 33.04 -26.52 87.50 68.94 74.34 48.02 -50.88 55.34 -65.50 14.40 -40.76 -99.86 58.00 -49.46 30.22 -75.24 -3.08 -57.86

500
-42.88 -48.82 -57.44 -9.22 -79.18 81.14 -55.26 -74.58 2.46 67.96 45.54 13.38 -41.40 -94.36 86.86 -53.90 74.58 -11.74 21.16 50.76 -56.40 55.66 -34.84 2.84 55.80 50.22 -19.56 -86.94 2.02 77.36 -44.78 59.14 55.58 -75.18 76.98 76.40 -94.04 48.76 -98.18 -64.54 -56.24 -25.58 48.84 2.36 -19.94 -37.24 48.48 81.68 51.02 -30.36 -40.52 94.62 -74.68 -48.30 -75.50 8.16 28.96 4.94 21.24 -69.02 -90.66 3.50 17.16 64.92 28.32 -78.82 41.32 -38.68 69.96 -29.80 -3.22 -86.28 -28.34 72.68 -56.86 -21.24 62.48 91.62 87.48 13.50 88.30 -53.02 -64.84 -86.38 -1.32 86.70 -51.16 54.68 -8.34 -2.88 12.70 -71.96 -99.38 -70.14 92.98 -44.02 -48.94 -38.66 -55.66 48.06 31.54 41.12 -11.18 30.24 -59.16 31.96 -91.00 -96.68 23.58 96.50 -56.14 11.90 70.52 -20.98 -47.44 96.24 -34.26 -71.56 50.92 -15.56 25.56 -36.38 -60.48 -46.78 -6.52 -67.50 -63.76 -28.42 -6.14 -19.42 46.68 52.44 48.76 -64.48 -90.26 89.60 67.48 -81.26 92.94 -81.88 42.28 63.84 -42.94 12.80 -57.12 -63.34 9.04 -64.34 -34.88 -40.04 -52.86 17.72 -49.38 -13.34 -2.00 -28.84 -53.78 -38.72 42.74 -32.88 41.88 -10.56 -80.44 -82.32 -48.00 -70.70 34.32 46.52 75.10 -45.70 64.64 17.38 -81.84 48.74 -69.80 88.08 85.42 -33.72 -76.26 77.58 26.26 97.92 -77.66 76.88 -88.38 20.34 -51.96 -42.16 8.68 17.84 24.96 -49.44 34.32 -28.42 95.28 86.32 -72.08 29.60 32.84 -96.98 83.92 -75.46 -52.54 -97.92 73.28 -95.30 90.16 -14.26 -29.02 40.94 90.36 24.28 -34.10 -87.28 1.18 -22.48 -39.90 -23.74 35.38 68.78 21.14 87.38 46.38 -44.54 -41.04 41.66 68.82 -13.10 -28.72 -71.28 -83.04 82.24 -46.74 -35.58 84.32 53.58 -30.88 1.52 66.38 -32.84 -57.54 56.74 91.44 8.36 69.46 -80.34 12.92 -70.42 -4.06 75.34 25.40 44.12 62.74 -28.20 99.60 48.74 -86.54 -4.54 62.68 -88.22 24.18 79.66 94.02 4.48 71.12 5.38 -41.92 67.30 -93.10 -75.54 61.50 76.40 8.24 52.94 -88.20 -22.28 72.62 24.74 -65.66 95.60 0.08 59.74 39.72 -37.18 -68.46 -33.64 38.62 72.06 61.84 1.30 10.88 -86.94 -92.00 4.92 17.56 6.18 37.34 75.64 -99.48 -28.70 27.14 62.02 -52.30 62.42 14.96 -40.48 -59.86 -12.42 11.30 -98.48 -89.78 -88.62 61.28 49.96 -98.74 19.86 43.36 -33.08 -81.04 -67.76 68.22 29.86 -54.68 3.28 61.82 62.88 -90.54 -73.80 -34.44 -90.02 -2.50 19.74 72.00 -27.74 -17.84 -86.00 31.78 -50.64 -71.36 70.12 -49.12 -61.14 8.54 39.20 15.86 -63.16 -40.92 -40.76 3.76 -94.92 -8.52 99.04 34.94 36.80 2.32 -76.20 -73.28 -61.18 -49.98 -7.72 -51.20 47.52 39.06 47.84 -80.22 -78.76 -11.12 -21.40 -29.40 17.52 75.76 21.48 56.40 -15.68 87.74 99.30 21.16 -53.18 -41.46 51.98 78.94 -22.92 51.02 -59.06 40.92 -46.66 -35.26 -5.30 -7.84 -58.20 86.98 -32.00 16.38 -46.90 42.88 -36.80 -25.66 -68.24 -31.14 44.94 49.30 -55.38 93.46 -67.26 -44.02 81.20 59.08 4.20 55.06 44.68 -43.82 -38.94 -78.24 -92.80 2.00 -10.28 87.58 -6.22 84.42 -93.22 35.60 -1.54 -25.22 79.02 51.56 -82.34 69.26 52.94 76.46 -61.88 -2.12 -47.20 -90.20 -81.62 -87.42 -34.22 26.64 71.68 -2.98 -91.26 16.36 53.20 -30.20 38.12 -12.56 71.80 54.88 -24.98 92.64 39.32 -91.16 -44.72 64.82 -16.38 -65.70 16.38 -71.68 -96.44 -30.68 -95.20 68.74 -5.76 84.64 78.54 -60.34 97.24 71.36 -6.66 68.92 -31.60 2.10 -14.72 48.64 71.90 50.44 -63.90 -29.24 5.32 -61.84 -36.60 71.68 -52.98 18.68 -36.46 -42.32 -19.98 79.92 -13.98 -16.42 76.28 -82.14 79.36 97.56 29.54 57.90 64.28 26.78 -43.68 -42.38 -4.30

800
24.72 59.72 8.02 -99.60 31.64 85.50 -63.50 29.44 -9.16 -98.28 92.84 89.56 75.78 -61.44 -46.88 -66.54 18.58 60.08 -53.48 29.20 -36.58 91.42 8.58 -39.02 20.98 93.52 52.30 -52.24 -50.16 -90.06 -29.48 1.60 69.66 5.58 2.02 -71.66 -8.90 -34.44 57.78 8.98 -32.72 -22.34 -1.46 -56.94 16.22 -21.30 -96.42 61.84 -61.20 -49.90 -8.94 -70.74 -58.46 26.68 -82.72 -10.44 20.20 69.60 -35.64 -2.90 79.54 34.88 98.70 49.20 -59.52 0.72 4.60 -41.38 -6.66 89.42 67.60 -12.34 -32.90 -33.86 -42.22 10.36 -28.10 -38.64 99.26 -62.26 -61.50 -82.64 -33.00 -92.92 44.04 -15.72 -3.36 91.28 80.92 61.02 -11.62 60.46 -77.06 -85.86 -63.28 90.46 14.86 -31.64 -50.92 35.24 -42.22 -83.32 -77.08 -48.08 -90.12 -19.30 -10.66 -91.18 42.06 -11.40 -53.44 80.56 -67.00 -59.40 14.70 77.04 -48.08 -88.66 -4.64 -67.14 -0.60 83.76 93.32 22.36 97.90 57.08 -60.14 -60.20 -74.56 -11.04 75.06 -89.72 -67.32 25.02 -37.80 69.60 -94.28 51.54 78.42 -25.18 67.18 -75.02 -44.62 -99.82 92.62 -2.88 4.26 -55.44 8.48 99.64 -22.58 34.92 10.44 97.78 -42.72 -64.62 -18.08 -2.84 -97.78 7.36 13.16 77.28 17.64 -27.12 -70.66 6.90 -57.50 -64.94 85.48 -79.08 9.88 52.68 72.96 -7.68 -20.10 65.58 89.44 84.18 -89.86 -75.04 10.86 -85.40 59.90 -78.70 39.44 -82.82 -43.32 -78.64 -58.62 -41.10 -44.24 -18.42 63.24 0.46 54.48 92.58 -92.64 96.98 54.70 19.88 44.94 -35.42 -27.44 17.90 -16.06 -20.48 -89.46 -26.60 -36.30 -79.32 -1.64 74.56 62.34 -41.74 22.90 1.78 -97.50 6.62 -49.82 70.92 -7.44 5.94 -47.48 -44.20 33.44 34.04 75.44 40.80 31.02 30.14 -39.30 -97.00 21.76 -39.70 20.92 -94.28 39.82 31.46 -93.84 30.56 -20.82 4.52 -67.84 68.56 -10.16 -17.90 97.38 -80.62 88.72 -52.44 90.30 -18.70 53.52 69.86 -35.86 -13.04 3.90 66.62 54.82 61.96 -3.24 42.56 64.98 45.58 29.90 -87.06 -21.66 96.78 -28.56 -15.50 -45.62 -22.34 16.06 -86.40 -53.76 -94.10 -4.30 -56.38 -74.72 -15.56 -81.76 42.64 -7.22 -1.20 12.50 56.92 85.76 43.46 23.56 -32.38 -67.54 47.36 37.22 24.48 -80.02 94.18 -35.54 -1.68 90.96 35.90 9.86 72.38 40.62 -74.06 85.98 13.90 58.88 -18.30 57.52 11.22 -6.82 2.80 -46.14 85.96 -98.40 -6.60 -30.08 14.42 63.90 93.48 82.04 96.38 -32.10 -53.68 -52.10 -12.12 -59.50 12.38 13.26 58.50 75.32 -76.88 30.88 15.94 -50.94 16.88 -70.16 35.00 98.58 14.42 -53.78 -8.24 -82.78 -72.88 -95.24 45.88 20.52 -25.32 -39.70 -88.52 95.22 69.38 34.90 -36.88 -84.30 82.80 -21.96 83.24 -77.78 91.30 41.74 97.56 41.48 99.68 -59.46 17.58 16.56 97.44 -47.42 -57.82 -61.10 -74.16 -39.02 83.16 -47.04 -34.26 29.04 0.54 -32.54 89.34 12.02 -37.32 58.74 73.96 -47.16 1.48 -16.20 -42.06 -88.22 6.04 -50.76 53.52 -69.36 17.76 -19.76 98.22 -64.64 23.84 95.66 -85.02 66.02 -65.44 -59.16 54.04 -82.26 -6.20 46.82 -26.18 94.34 -85.70 -36.82 -66.60 -95.98 48.96 -92.64 83.92 77.48 -8.82 -58.14 89.26 24.26 -8.90 -30.16 54.90 35.92 50.08 53.12 71.28 -26.06 -24.16 13.30 67.00 10.40 54.14 -51.90 -44.82 -52.04 94.92 -43.94 69.34 36.26 -53.72 -97.24 -32.66 95.24 37.16 -48.74 72.72 55.38 -6.88 62.00 -20.36 11.26 -68.16 -65.46 -52.82 8.96 14.72 45.50 9.94 90.56 -41.18 -96.00 -72.00 -87.04 -47.90 -89.76 87.96 74.06 -33.70 57.32 -62.62 12.58 -12.88 4.72 -65.14 51.32 55.98 34.62 6.72 76.14 -3.38 86.36 -12.60 -44.50 47.96 -38.36 -8.48 -37.32 -92.86 -98.54 80.28 93.00 -94.54 35.32 33.02 84.60 45.56 -51.98 58.68 38.90 32.38 96.06 78.52 -80.50 0.78 -86.62 70.84 83.80 -24.94 -95.40 59.94 -1.28 90.96 74.38 -18.72 38.92 -63.98 72.80 28.64 70.22 1.30 8.92 -9.74 6.78 -55.74 -76.72 -8.62 16.86 -28.68 77.10 82.82 -96.30 73.16 61.34 50.26 -99.02 1.78 -51.86 84.78 76.84 -47.26 -28.24 -24.44 70.74 -53.84 56.84 -63.28 -17.82 -43.32 65.36 79.44 58.00 -98.66 -30.28 91.82 72.64 -79.96 -89.76 -83.46 -81.60 87.36 99.36 -77.88 -12.44 -12.24 -0.58 -11.44 16.58 -25.40 -99.62 -6.58 -45.62 -27.84 -3.98 -74.88 18.32 79.92 -38.16 27.54 -63.40 -72.78 -65.96 21.64 55.60 3.76 13.46 28.24 -49.16 -49.24 44.78 -30.74 -61.88 44.16 -81.58 25.68 58.96 17.84 41.28 -24.46 19.48 41.68 68.96 73.86 -86.16 92.02 98.98 -40.80 -1.02 -39.16 13.78 -37.36 -84.90 47.82 84.28 70.70 78.62 -75.20 -74.02 -70.52 -24.44 70.76 -1.26 -59.28 -58.04 17.16 66.40 -99.08 62.04 7.70 -23.54 -18.48 76.42 72.46 -44.62 90.26 -8.46 81.40 -50.54 90.52 69.28 63.24 -46.84 11.42 -61.88 64.50 -90.84 -83.26 89.30 -64.86 -53.78 91.90 32.96 44.96 -67.38 74.92 89.16 26.06 2.90 51.20 60.80 6.40 -67.28 37.22 -94.08 -84.86 27.48 -2.54 96.56 3.98 -84.98 -7.12 94.28 -31.80 -95.68 -67.60 59.74 -86.52 -50.86 -23.92 -51.36 -4.62 -32.02 81.60 67.38 -72.36 -16.44 56.56 53.70 13.50 7.76 14.52 -80.08 -32.46 -48.26 -74.16 -90.28 6.28 23.30 33.32 37.30 -34.64 -73.78 -41.38 -39.40 57.58 -8.98 -79.66 71.06 -32.78 -3.58 46.74 -10.36 -8.56 28.34 -42.98 19.08 38.96 40.62 99.84 -47.54 75.44 14.36 99.42 70.02 -6.86 -74.74 79.74 26.46 -24.40 -59.88 90.82 40.98 93.38 -50.56 -98.42 50.96 40.48 48.98 -50.94 34.74 -54.60 95.82 -75.62 -36.10 -48.80 -18.60 10.02 90.16 49.08 9.86 69.68 24.52 51.26 69.10 -5.46 -55.58 94.38 -25.72 -2.08 97.02 -58.56 -11.26 38.00 -65.18 38.20 -33.36 12.82 -94.28 -84.38 61.90 40.46 88.06 57.72 64.84 -48.04 -91.08 73.28 62.00 26.14 22.36 -28.14 -4.18 73.92 50.18 -35.08 -31.54 21.64 86.34 -30.20 -80.44 83.38 11.24 -64.64 -51.58 -26.88 73.56 15.06 85.94 6.32